3103 859
3850 2992
2808 2148
2590 651
2922 807
3861 1435
3826 1344
4049 1352
1730 736
1824 963
1837 662
2020 867
1320 918
3165 1662
3183 1968
3324 1797
986 281
2226 482
2148 197
2355 395
2300 202
2295 2111
2124 2163
2204 2246
1680 1294
1938 1358
1339 2269
955 1188
748 1155
2730 1340
2701 1208
1362 366
1445 320
1199 414
1260 411
1113 480
1365 466
1790 233
2003 378
1608 466
1662 250
1946 172
1906 212
1431 2893
2193 1165
2639 2610
2805 2585
3637 2171
3956 2157
3778 2192
3722 2360
3975 2531
3956 2241
3618 2261
3823 2246
726 893
653 966
808 809
815 747
899 686
3272 1177
3381 1300
1899 2659
2980 1928
3028 1824
2953 1638
2792 1945
2008 1859
421 1960
2710 470
2782 319
3037 435
2959 382
417 1301
2437 872
2153 633
617 2166
575 2082
800 2095
3431 2346
3274 2227
3118 476
1293 1338
1250 1154
1096 1413
1396 1078
3958 1829
3925 1628
3990 1984
3966 1929
3796 1599
3793 1799
1326 1922
1302 1641
2385 1982
