1036 413
1110 365
1174 316
1245 297
1327 244
1385 236
1471 190
1552 154
1656 143
1753 123
1857 74
1938 72
2017 75
2116 57
2168 91
2274 99
2382 107
2078 290
1896 432
1724 345
1355 455
1352 671
1606 673
1850 693
2257 820
2248 891
2025 568
1077 695
1170 549
962 474
873 528
824 598
772 665
711 724
627 803
547 904
438 1008
999 870
1230 938
1279 856
1773 902
2269 595
2313 524
1377 1125
1365 1267
1101 1351
325 1209
374 1099
426 1101
558 1268
803 1308
861 1474
669 1567
175 1456
275 1339
152 1578
365 1658
264 1812
145 1751
85 1855
84 2005
279 2056
66 2127
483 1892
1530 1383
1515 1512
1457 1715
1520 1872
2136 2327
81 2258
304 2407
473 2267
837 2172
751 2544
72 2412
88 2546
58 2646
309 2674
780 2841
33 2867
1311 2660
981 2570
1469 2605
1250 2389
1341 2125
1723 1760
1251 1893
827 972
2653 586
2899 501
3005 364
3052 365
3013 272
3123 404
3191 381
3213 452
3304 503
2829 707
2637 914
2979 922
3132 942
3431 653
3371 596
3209 701
3496 660
3503 725
3385 520
3569 736
3595 930
3355 1267
2734 1522
3268 620
3392 1019
3642 956
3693 990
3654 1020
3692 1096
3744 1112
3743 1202
3804 1289
3831 1332
3806 1391
3856 1487
3921 1499
3900 1567
3918 1661
3706 1527
3963 1754
3815 1892
3999 1867
3992 2058
3664 2252
4009 2174
3842 2291
4007 2287
4000 2383
3983 2474
3754 2528
3471 2574
3816 2717
3180 2304
3397 2215