212 61
223 54
233 46
243 44
256 36
264 34
277 28
289 22
304 21
319 18
334 10
346 10
358 11
373 8
380 13
396 14
412 15
367 43
340 64
314 51
260 67
259 99
297 99
333 102
393 121
392 132
359 84
219 103
232 81
201 70
188 78
181 88
173 98
164 107
152 119
140 134
124 149
207 129
241 139
248 126
322 133
395 88
402 77
263 166
261 187
222 200
107 179
114 162
122 163
142 188
178 193
186 218
158 232
85 215
100 198
81 233
113 245
98 268
80 259
71 275
71 297
100 304
69 315
130 280
286 205
283 224
275 254
284 277
376 345
71 334
104 356
129 336
183 322
170 377
69 357
72 377
67 392
105 396
174 421
64 425
253 394
204 381
277 386
244 354
258 315
314 260
244 280
181 144
452 86
489 74
504 53
511 54
506 40
522 59
532 56
535 67
549 74
478 104
450 135
501 136
523 139
568 96
559 88
535 103
577 97
578 107
561 77
588 109
592 137
556 187
464 225
543 91
562 151
599 141
606 146
601 151
606 162
614 164
614 178
623 191
627 197
623 206
631 220
640 222
637 232
640 246
608 226
646 260
625 280
652 276
651 305
602 333
653 322
629 339
653 339
652 353
649 366
615 374
574 381
625 402
530 341
563 328