100.36294585152841 330.401146797671 3.2576419213973797 4
227.43815494905388 332.6518787481804 3.2576419213973797 4
87.4860031295488 319.5901191411936 3.2576419213973797 4
196.19316113537118 327.8972417758369 3.2576419213973797 4
75.6510714701601 330.3663171761281 3.2576419213973797 4
208.65005807860263 308.4013136098981 3.2576419213973797 4
63.25650407569143 318.08747751091704 3.2576419213973797 4
178.0264323144105 310.5539090975255 3.2576419213973797 4
229.4121230713246 117.9626616448326 3.2576419213973797 3
50.8744243085881 328.007051455604 3.2576419213973797 4
187.24650909752546 121.4751326055313 3.2576419213973797 5
164.35964716157204 331.87237933042206 3.2576419213973797 4
140.46899716157208 121.57926855895197 3.2576419213973797 3
44.63937911208154 317.76163187772926 3.2576419213973797 4
140.36776593886466 315.1855700873362 3.2576419213973797 4
97.96931200873364 125.85676957787481 3.2576419213973797 5
40.73189192139739 307.32859927219795 3.2576419213973797 4
122.38968173216887 328.95977598253273 3.2576419213973797 4
83.27818850072781 108.0933368267831 3.2576419213973797 5
40.097248981077186 297.5331143377001 3.2576419213973797 4
106.48405502183408 315.18442991266375 3.2576419213973797 4
34.3637991994178 288.2743530567685 3.2576419213973797 4
61.75777161572051 113.268453930131 3.2576419213973797 3
66.99041324599708 104.31466222707422 3.2576419213973797 3
31.602893377001458 277.8867102620087 3.2576419213973797 4
30.63692110625912 264.42906572052397 3.2576419213973797 4
74.77731761280933 93.61281986899563 3.2576419213973797 3
32.47653864628822 258.38594992721977 3.2576419213973797 4
84.76071419213974 86.54544716157203 3.2576419213973797 3
29.39928864628821 249.4262944687045 3.2576419213973797 4
29.485507569141188 239.61001491994176 3.2576419213973797 4
91.66276157205242 75.47036048034936 3.2576419213973797 3
159.46751055312956 288.20933595342063 3.2576419213973797 4
30.439372270742375 229.41639184861717 3.2576419213973797 4
102.42481601164485 67.6064943231441 3.2576419213973797 3
157.68647627365357 269.9629849344978 3.2576419213973797 4
28.22599461426492 219.53419934497816 3.2576419213973797 4
110.83930509461428 60.784069141193605 3.2576419213973797 3
144.12407139737994 279.63123180494904 3.2576419213973797 4
120.97211885007279 50.24421302765648 3.2576419213973797 3
30.47455480349346 207.85783340611354 3.2576419213973797 4
120.80698355167395 53.541516739446884 3.2576419213973797 3
126.01364548762736 288.023731804949 3.2576419213973797 4
31.368614628820946 197.06073216885008 3.2576419213973797 4
137.65010531295488 44.12826179039302 3.2576419213973797 3
30.509493013100442 188.58312627365356 3.2576419213973797 4
125.41641113537119 264.57728842794756 3.2576419213973797 4
32.75240662299853 179.24523144104805 3.2576419213973797 4
137.54366186317324 48.63287474526931 3.2576419213973797 4
160.5623497088792 249.85043944687044 3.2576419213973797 4
36.07829614264921 168.10083842794756 3.2576419213973797 4
152.92958609898108 43.944205021834065 3.2576419213973797 3
160.30325858806407 229.0747195050946 3.2576419213973797 4
42.45380000000004 156.3344529839883 3.2576419213973797 4
222.98281382823873 20.36954628820962 3.2576419213973797 3
160.7534104075692 212.7972329694323 3.2576419213973797 4
210.36840989810773 22.832893668122267 3.2576419213973797 3
43.656439956331894 147.92305866084425 3.2576419213973797 4
196.6016694323144 26.555482532751068 3.2576419213973797 3
140.94754475982532 220.61934701601166 3.2576419213973797 4
43.73622503639009 135.06669337700146 3.2576419213973797 4
183.66940109170307 31.076818049490537 3.2576419213973797 3
140.44423908296943 240.92393049490536 3.2576419213973797 4
54.03998355167395 124.40174381368269 3.2576419213973797 4
140.46055443959244 259.44028573508007 3.2576419213973797 4
173.98619621542943 34.51810953420667 3.2576419213973797 3
158.27089723435228 196.1550805676856 3.2576419213973797 4
106.92519403202331 271.67161812227073 3.2576419213973797 4
156.8895213245997 176.59823449781658 3.2576419213973797 4
163.7074129548763 36.09155058224165 3.2576419213973797 3
156.49464082969433 158.40948944687045 3.2576419213973797 4
106.55156965065504 250.6156323871907 3.2576419213973797 4
156.49654112081512 142.5435788209607 3.2576419213973797 4
124.14327037845707 236.48104985443956 3.2576419213973797 4
133.68778114992722 151.32648005822415 3.2576419213973797 4
105.29021069868995 223.54601251819503 3.2576419213973797 4
137.22935371179042 177.70930756914117 3.2576419213973797 4
137.02534388646288 204.24019490538572 3.2576419213973797 4
88.57644446870451 292.0928523289665 3.2576419213973797 4
120.29246615720524 211.51491652110622 3.2576419213973797 4
73.08725298398836 281.2106180494905 3.2576419213973797 4
120.37336426491994 185.89323704512373 3.2576419213973797 4
117.86620160116449 162.39336834061135 3.2576419213973797 4
59.11017743813685 298.07638042212517 3.2576419213973797 4
119.16469767103351 140.40366098981076 3.2576419213973797 4
213.9137016011645 38.06617023289665 3.2576419213973797 3
100.65765385735082 147.68221033478892 3.2576419213973797 4
183.8438749636099 42.43754563318776 3.2576419213973797 3
96.34583901018925 175.79226673944686 3.2576419213973797 4
154.08159687045125 52.06300880640465 3.2576419213973797 3
129.11160866084427 63.1311729985444 3.2576419213973797 3
99.75192081513829 200.57388180494905 3.2576419213973797 4
107.0118744541485 84.3138810043668 3.2576419213973797 3
111.6886809315866 73.40650858806404 3.2576419213973797 3
85.81765611353714 264.5418887190684 3.2576419213973797 4
87.54037860262008 238.7023001455604 3.2576419213973797 4
120.47801601164483 95.98698930131003 3.2576419213973797 3
81.94106222707427 210.5758197962154 3.2576419213973797 4
171.9658881368268 95.7773057496361 3.2576419213973797 3
80.40174497816594 179.73857416302764 3.2576419213973797 4
156.15410866084426 72.44126928675402 3.2576419213973797 3
196.966688209607 61.00200538573507 3.2576419213973797 3
76.6165822416303 149.44581622998544 3.2576419213973797 4
210.742034279476 86.18501622998544 3.2576419213973797 3
63.22471491994181 128.68163377001454 3.2576419213973797 4
245.75128762736534 90.03514177583696 3.2576419213973797 3
50.77951834061139 157.15182248908297 3.2576419213973797 4
231.40357387190684 56.2410160116448 3.2576419213973797 3
64.19603515283842 168.12106295487627 3.2576419213973797 4
43.54820480349345 183.78961477438136 3.2576419213973797 4
61.68450181950511 200.64821033478893 3.2576419213973797 4
43.357768486171786 212.9487676128093 3.2576419213973797 4
61.98352620087337 238.15251877729256 3.2576419213973797 4
38.434847161572065 238.40751069868995 3.2576419213973797 4
48.27629199417762 266.4884112081514 3.2576419213973797 4
66.36654767103349 262.79503253275107 3.2576419213973797 4
298.43987227074234 330.2680721251819 3.2576419213973797 3
367.76422976710336 323.67672234352256 3.2576419213973797 4
235.52878013100437 321.46434912663756 3.2576419213973797 4
282.5548772925764 309.7420232896652 3.2576419213973797 4
314.7900313682678 312.322211426492 3.2576419213973797 4
381.74966659388645 312.12876179039296 3.2576419213973797 4
260.36349475982536 323.0406134643377 3.2576419213973797 4
337.5403981077147 326.86809839883546 3.2576419213973797 4
249.6749272925764 306.84057736535664 3.2576419213973797 4
407.55830756914116 317.3236147743813 3.2576419213973797 3
350.0123344978166 313.0680485443959 3.2576419213973797 4
414.022364992722 308.261316448326 3.2576419213973797 3
419.5212102620087 294.79742809315866 3.2576419213973797 4
392.6363801310044 108.10310975254731 3.2576419213973797 3
413.54718362445414 291.34633653566226 3.2576419213973797 4
417.11498020378457 283.3790673944687 3.2576419213973797 4
383.1919875545852 99.97779068413392 3.2576419213973797 4
301.0365929403202 296.88508791848614 3.2576419213973797 4
419.45317983988355 273.19605880640466 3.2576419213973797 4
324.0977658660844 302.53972991266374 3.2576419213973797 4
419.2197697962155 258.56791637554585 3.2576419213973797 3
341.04901419213974 300.07586673944684 3.2576419213973797 4
382.02341710334787 89.04036652110625 3.2576419213973797 3
418.26666521106256 245.4009077874818 3.2576419213973797 3
357.13066215429404 296.6364483988355 3.2576419213973797 4
423.31033646288205 233.53690167394467 3.2576419213973797 4
378.7064860989811 79.45594963609896 3.2576419213973797 3
375.05054315866084 297.0803292576419 3.2576419213973797 4
397.1266866084425 301.4711690684134 3.2576419213973797 4
426.5635805676856 222.6584408296943 3.2576419213973797 4
399.6158508005822 309.49180924308587 3.2576419213973797 4
237.79884075691413 16.335282532751066 3.2576419213973797 3
426.1816763464338 211.23953719068413 3.2576419213973797 3
406.25473500727804 288.0019598981077 3.2576419213973797 4
424.14641026200866 198.02512991266377 3.2576419213973797 3
247.4608438136827 18.644109097525483 3.2576419213973797 3
410.527919650655 258.75232605531295 3.2576419213973797 4
422.19372540029116 186.07338464337698 3.2576419213973797 3
411.0608970160116 228.68488835516737 3.2576419213973797 4
416.73101280931587 187.32518784570595 3.2576419213973797 3
300.2611112809316 278.9753056040757 3.2576419213973797 4
420.14960938864624 182.72382292576415 3.2576419213973797 4
415.3267248180495 173.09502066957785 3.2576419213973797 3
301.5756783842795 258.8044483260553 3.2576419213973797 4
417.3691848617176 160.7776593886463 3.2576419213973797 4
301.989561790393 238.93929359534204 3.2576419213973797 4
417.64209381368266 163.03042736535664 3.2576419213973797 4
410.21323144104804 149.16131550218338 3.2576419213973797 4
370.7913120815138 75.90457700145559 3.2576419213973797 3
410.5799876273653 137.0971001455604 3.2576419213973797 3
361.7215211790393 68.66900138282385 3.2576419213973797 3
403.8774708151383 123.29159374090247 3.2576419213973797 4
398.15865327510915 114.68536528384278 3.2576419213973797 3
352.42996630276565 63.234060189228536 3.2576419213973797 3
390.6620590975255 122.85984759825325 3.2576419213973797 4
399.0546948326055 149.24465684133915 3.2576419213973797 4
352.5972190684134 65.1248227074236 3.2576419213973797 3
414.3818729257642 198.64337605531296 3.2576419213973797 4
343.9001838427948 60.712781077146985 3.2576419213973797 3
407.57139243085885 169.85942212518194 3.2576419213973797 4
247.70747445414847 17.636927656477443 3.2576419213973797 3
302.93169898107715 216.56021659388642 3.2576419213973797 3
303.0390654294032 141.48044737991265 3.2576419213973797 3
323.02741331877735 219.31270684133915 3.2576419213973797 4
258.74287219796213 18.54700422125182 3.2576419213973797 3
303.4459177583698 164.2655080058224 3.2576419213973797 3
322.164219650655 242.41943245997086 3.2576419213973797 3
321.96775669577875 242.4901232896652 3.2576419213973797 2
304.79262692867536 183.45204163027657 3.2576419213973797 3
267.59926040756915 19.213463464337714 3.2576419213973797 3
321.50194104803495 267.11982365356624 3.2576419213973797 4
304.0353609170306 198.78226018922854 3.2576419213973797 3
277.5038763464338 23.697607569141184 3.2576419213973797 3
320.23672721979625 287.8937518922853 3.2576419213973797 4
323.6721820960699 197.3225922852984 3.2576419213973797 4
340.6559525473071 286.1787934497816 3.2576419213973797 4
286.09767147016015 27.823628238719092 3.2576419213973797 3
322.88728042212523 177.34309432314407 3.2576419213973797 4
339.13561106259095 265.98629999999997 3.2576419213973797 4
295.4824491994178 29.746451382823857 3.2576419213973797 3
320.8029325327511 157.3302326783115 3.2576419213973797 3
340.15386848617175 235.99650276564776 3.2576419213973797 4
319.4758235080058 141.07541390101892 3.2576419213973797 3
339.8891307860262 209.97980705967976 3.2576419213973797 4
303.94767605531297 34.97724701601164 3.2576419213973797 3
337.0197726346434 145.43346011644832 3.2576419213973797 4
358.1841564046579 221.73544228529838 3.2576419213973797 4
339.5881246724891 168.07876790393013 3.2576419213973797 4
361.2224232896652 246.35311652110624 3.2576419213973797 4
341.07113901018926 188.30182889374092 3.2576419213973797 4
361.5627111353712 270.56681601164485 3.2576419213973797 4
312.63906470160117 40.50717561863174 3.2576419213973797 3
378.4471235080058 279.9628054585152 3.2576419213973797 4
356.638676783115 192.6449442503639 3.2576419213973797 3
375.18185327510923 250.7285096797671 3.2576419213973797 4
320.94170807860263 43.46375713245997 3.2576419213973797 3
359.3541385007278 168.29317503639007 3.2576419213973797 4
359.4672601164483 140.37578100436681 3.2576419213973797 3
381.6654836972343 223.24169446870448 3.2576419213973797 4
353.8464161572053 150.2961422125182 3.2576419213973797 3
330.9894430858806 49.11345836972344 3.2576419213973797 3
395.73130283842795 290.5899663755458 3.2576419213973797 4
375.755008224163 146.22949206695776 3.2576419213973797 3
393.28986310043666 263.2368230713246 3.2576419213973797 4
379.60269053857354 171.88054461426492 3.2576419213973797 3
337.62105189228527 54.89034337700145 3.2576419213973797 3
381.12707692867536 199.45295436681224 3.2576419213973797 3
394.17233114992723 237.13396273653566 3.2576419213973797 4
392.67978820960695 184.55559497816594 3.2576419213973797 3
348.6684214701601 57.93713442503638 3.2576419213973797 3
396.7022973071324 217.88659264919943 3.2576419213973797 4
389.3230596797671 156.94363202328967 3.2576419213973797 3
369.0889498544396 99.07561390101893 3.2576419213973797 4
354.73138173216887 64.48483180494902 3.2576419213973797 3
333.1077518922853 62.88720276564776 3.2576419213973797 3
353.88577933042217 81.3872697962154 3.2576419213973797 3
308.41691644832605 49.52750465793306 3.2576419213973797 3
328.2102944687045 91.9577748908297 3.2576419213973797 3
283.0126031295488 40.28809919941776 3.2576419213973797 3
254.62176513828237 34.58282802037845 3.2576419213973797 3
352.3426614992722 118.71512263464336 3.2576419213973797 3
262.85021572052403 59.51103697234353 3.2576419213973797 3
317.4305673216885 122.21214694323142 3.2576419213973797 3
297.34584752547306 69.25760298398835 3.2576419213973797 3
318.97862590975257 28.06358071324597 3.2576419213973797 3